==========================================
MPI Latency Microbenchmark Results
Game of Life Performance Model Parameters
==========================================

Size(Bytes)  Count(ints)  AvgTime(s)  Bandwidth(GB/s)  t_s_est  t_w_est
----------------------------------------------------------------------
           4           1  0.403622E-06      0.0198  0.403622E-06  0.000000E+00
           8           2  0.369439E-06      0.0433  0.403622E-06  0.000000E+00
          16           4  0.427125E-06      0.0749  0.403622E-06  0.000000E+00
          32           8  0.427772E-06      0.1496  0.403622E-06  0.000000E+00
          64          16  0.439601E-06      0.2912  0.403622E-06  0.000000E+00
         128          32  0.529128E-06      0.4838  0.403622E-06  0.000000E+00
         256          64  0.596751E-06      0.8580  0.403622E-06  0.000000E+00
         512         128  0.768703E-06      1.3321  0.403622E-06  0.000000E+00
        1024         256  0.851724E-06      2.4045  0.403622E-06  0.831762E-09
        2048         512  0.105399E-05      3.8862  0.403622E-06  0.514644E-09
        4096        1024  0.279085E-05      2.9353  0.403622E-06  0.681359E-09
        8192        2048  0.401011E-05      4.0857  0.403622E-06  0.489516E-09
       16384        4096  0.525013E-05      6.2414  0.403622E-06  0.320443E-09
       32768        8192  0.809837E-05      8.0925  0.403622E-06  0.247143E-09
       65536       16384  0.132196E-04      9.9149  0.403622E-06  0.201716E-09
      131072       32768  0.225021E-04     11.6498  0.403622E-06  0.171677E-09
      262144       65536  0.380501E-04     13.7789  0.403622E-06  0.145150E-09
      524288      131072  0.725952E-04     14.4442  0.403622E-06  0.138464E-09
     1048576      262144  0.141534E-03     14.8173  0.403622E-06  0.134977E-09
     2097152      524288  0.282902E-03     14.8260  0.403622E-06  0.134898E-09
     4194304     1048576  0.522252E-03     16.0624  0.403622E-06  0.124515E-09

==========================================
Estimated Performance Model Parameters
==========================================
t_s (startup latency):  0.403622E-06 seconds
t_w (per-byte transfer):0.124515E-09 seconds/byte

Use these in performance model:
parameter :: t_s = 0.403622E-06
parameter :: t_w = 0.124515E-09
