==========================================
MPI Latency Microbenchmark Results
Game of Life Performance Model Parameters
==========================================

Size(Bytes)  Count(ints)  AvgTime(s)  Bandwidth(GB/s)  t_s_est  t_w_est
----------------------------------------------------------------------
           4           1  0.641000E-06      0.0125  0.641000E-06  0.000000E+00
           8           2  0.149000E-06      0.1074  0.641000E-06  0.000000E+00
          16           4  0.152000E-06      0.2105  0.641000E-06  0.000000E+00
          32           8  0.151000E-06      0.4238  0.641000E-06  0.000000E+00
          64          16  0.160000E-06      0.8000  0.641000E-06  0.000000E+00
         128          32  0.166000E-06      1.5422  0.641000E-06  0.000000E+00
         256          64  0.189500E-06      2.7018  0.641000E-06  0.000000E+00
         512         128  0.433000E-06      2.3649  0.641000E-06  0.000000E+00
        1024         256  0.372500E-06      5.4980  0.641000E-06  0.363770E-09
        2048         512  0.522000E-06      7.8467  0.641000E-06  0.254883E-09
        4096        1024  0.103800E-05      7.8921  0.641000E-06  0.253418E-09
        8192        2048  0.147150E-05     11.1342  0.641000E-06  0.179626E-09
       16384        4096  0.184300E-05     17.7797  0.641000E-06  0.112488E-09
       32768        8192  0.273550E-05     23.9576  0.641000E-06  0.834808E-10
       65536       16384  0.479450E-05     27.3380  0.641000E-06  0.731583E-10
      131072       32768  0.917800E-05     28.5622  0.641000E-06  0.700226E-10
      262144       65536  0.115360E-04     45.4480  0.641000E-06  0.440063E-10
      524288      131072  0.197050E-04     53.2137  0.641000E-06  0.375843E-10
     1048576      262144  0.389660E-04     53.8200  0.641000E-06  0.371609E-10
     2097152      524288  0.758200E-04     55.3192  0.641000E-06  0.361538E-10
     4194304     1048576  0.150836E-03     55.6139  0.641000E-06  0.359622E-10

==========================================
Estimated Performance Model Parameters
==========================================
t_s (startup latency):  0.641000E-06 seconds
t_w (per-byte transfer):0.359622E-10 seconds/byte

Use these in performance model:
parameter :: t_s = 0.641000E-06
parameter :: t_w = 0.359622E-10
